[ 0.78862847 -0.56349015 -0.90350253 -2.8634927  -1.2773882  -1.35475898
 -1.08274148 -1.62700068 -1.04381817 -1.47721803 -2.31386475 -0.11537762]
[ -4.10337699e-01   1.26724215e-03   3.86616685e-01  -2.51405536e+00
  -2.42619042e-01   7.71724234e-01  -3.37883742e+00  -2.07323736e+00
  -5.77125570e-01  -1.22143254e+00  -1.44988749e+00  -5.25537964e-01] 153 153.0
[ 0.68531146 -1.60013827 -0.48553203 -1.37108577 -0.98731897  0.42373812
 -2.92453073 -1.03886711 -1.0085416  -1.71799737 -0.35390966 -0.79970003] 153 153.0
[ 0.66173804 -1.8654454  -0.73041018 -0.8831606  -0.92667917  0.10053696
 -2.84568721 -1.13408155 -1.01233839 -1.4823288  -0.14747479 -0.91552347] 152 152.666666667
[ 0.35717318 -1.85884516 -0.99018718 -0.70867278 -0.80495665  0.1770979
 -2.73269706 -1.41259752 -0.86006466 -1.30292214  0.02530585 -1.09925352] 151 152.25
[ 0.16693742 -1.70748569 -1.31707738 -0.53291269 -0.62571052  0.38433849
 -2.6812875  -1.81117189 -0.77428757 -1.18009245  0.10937487 -1.25658702] 178 157.4
[ 0.13519515 -1.68360549 -1.14712521 -0.39585848 -0.54459534  0.15766742
 -2.89180542 -1.98897164 -0.97442733 -0.88427118  0.19386038 -1.1798252 ] 180 161.166666667
[ 0.14426636 -1.76888769 -0.94459974 -0.1664975  -0.51770039 -0.12380836
 -3.0843875  -2.06765863 -1.25167639 -0.55589304  0.3529656  -1.19565382] 169 162.285714286
[ 0.23028501 -1.97468794 -0.75600197 -0.02461854 -0.57343532 -0.49080152
 -3.14418831 -2.07684809 -1.4397068  -0.24810231  0.55789077 -1.22026588] 152 161.0
[ 0.43277624 -2.15729305 -0.51855367 -0.01010904 -0.68143656 -0.92008758
 -3.25140257 -1.99138084 -1.67456597 -0.03220878  0.79625605 -1.12882946] 180 163.111111111
[ 0.67790078 -2.30845077 -0.3166693  -0.06205631 -0.79964168 -1.3046235
 -3.30990848 -1.89942863 -1.90156611  0.13557251  1.00615128 -1.03034637] 184 165.2
[ 0.87934422 -2.40225023 -0.10133407 -0.11422837 -0.88522766 -1.61319075
 -3.39721023 -1.84243142 -2.09468433  0.27049296  1.12229767 -0.91466082] 173 165.909090909
[ 0.98468312 -2.45980079  0.00517864 -0.11634523 -0.92126611 -1.79036883
 -3.41541436 -1.84169058 -2.2133298   0.38354165  1.18797612 -0.88563673] 161 165.5
[ 1.07043959 -2.52505247  0.08615207 -0.11384971 -0.95912179 -1.93888248
 -3.42369937 -1.83742348 -2.28531415  0.48518302  1.23772974 -0.87127478] 164 165.384615385
[ 1.12351334 -2.61626026  0.18917852 -0.11131711 -1.01017851 -2.06162574
 -3.43266619 -1.82366475 -2.34174026  0.5901719   1.28588818 -0.85751151] 167 165.5
[ 1.13298563 -2.66398046  0.25434258 -0.11029075 -1.04714784 -2.11299034
 -3.42421553 -1.81774286 -2.35959776  0.65542707  1.29157709 -0.85959768] 164 165.4
[ 1.16461844 -2.6975022   0.31797417 -0.12312419 -1.09553486 -2.17743267
 -3.41486661 -1.79235905 -2.38128954  0.71282567  1.27318223 -0.84327432] 171 165.75
[ 1.18445481 -2.75298992  0.36498812 -0.13427959 -1.136928   -2.23394588
 -3.39799325 -1.76730874 -2.38098657  0.78004856  1.26722314 -0.84727091] 140 164.235294118
[ 1.19365527 -2.79009353  0.40973439 -0.14532583 -1.16929521 -2.27435246
 -3.39573184 -1.73005713 -2.37284349  0.82352214  1.24045965 -0.84492938] 145 163.166666667
[ 1.2160262  -2.84074915  0.41292253 -0.13980692 -1.188789   -2.35144493
 -3.36695511 -1.67450733 -2.34438881  0.86771076  1.21919277 -0.86616722] 152 162.578947368
[ 1.21896226 -2.8894162   0.40490674 -0.12894791 -1.21886438 -2.41067553
 -3.3318149  -1.6231625  -2.29057007  0.90228305  1.19884543 -0.89042706] 172 163.05
