[-1.41675785 -1.05626683 -3.1361961   0.64027081 -2.79343559 -1.84174737
 -0.49711858 -2.24528809 -2.05795222 -1.90900761 -0.44854596  1.29220801]
[ 0.04707405 -0.54651723 -0.10797587 -1.44645633 -0.66919715  0.0933212
  0.10518599 -5.72980688 -6.07929163  5.32985719  0.07272746 -2.23318254] 147 147.0
[ 0.67203947 -2.04534857  0.29487215 -1.95684222  0.62616953  0.30597555
 -0.44183978 -4.8782265  -7.81251831  6.25902421  0.94296113 -3.02710503] 150 148.5
[ 1.26301393 -2.26652813  0.68056402 -2.21820451  0.66938257  0.02807845
 -0.71206796 -4.70635846 -7.99695941  6.08159571  0.9576519  -2.70268019] 194 163.666666667
[ 1.90170804 -2.51495579  1.06213502 -2.46236441  0.65633674 -0.2784464
 -1.05384627 -4.69192628 -7.72119872  5.57098221  0.94186681 -2.26701085] 168 164.75
[ 2.07656485 -2.61051575  1.61556418 -2.64361716  0.62442219 -0.61177822
 -1.30782434 -4.74994157 -7.33985824  5.06050891  0.97708671 -1.90842776] 160 163.8
[ 2.19744522 -2.74000397  2.06063022 -2.80757535  0.60486752 -0.75358364
 -1.55569268 -4.8395863  -6.95258987  4.60512699  1.04547227 -1.66105618] 158 162.833333333
[ 2.19818221 -2.89846574  2.42081355 -2.82191745  0.60128965 -0.81534553
 -1.7397513  -4.94039758 -6.65948694  4.31288829  1.15352965 -1.584613  ] 175 164.571428571
[ 2.14696109 -3.100362    2.77878357 -2.76586655  0.62501551 -0.81334442
 -1.9892057  -5.13673894 -6.35719898  4.15488703  1.1752821  -1.47045754] 170 165.25
[ 2.06394655 -3.28899333  3.14599554 -2.66297439  0.6289793  -0.81894363
 -2.24391167 -5.32241004 -6.15225998  4.10805496  1.18486944 -1.37160101] 178 166.666666667
[ 1.90904743 -3.41364757  3.37526167 -2.53562395  0.7109251  -0.7731134
 -2.43556196 -5.48303135 -5.87749718  4.01622335  1.15452519 -1.36442352] 165 166.5
[ 1.82098537 -3.48234594  3.51729672 -2.41318193  0.77177763 -0.90579693
 -2.63004801 -5.48809302 -5.54967921  3.83135127  1.12544289 -1.31021684] 174 167.181818182
[ 1.78520104 -3.55272376  3.5658334  -2.26955964  0.83480379 -1.0406627
 -2.82083759 -5.42537699 -5.22328421  3.59945112  1.10667707 -1.27380946] 161 166.666666667
[ 1.76076665 -3.60899773  3.54601498 -2.15146088  0.90076431 -1.12775377
 -2.99837041 -5.32172153 -4.89677454  3.33269467  1.08864077 -1.24485288] 159 166.076923077
[ 1.72934043 -3.62695113  3.53687002 -2.06515175  0.96803211 -1.15464012
 -3.19084305 -5.23699148 -4.59487422  3.09108201  1.01794961 -1.20251488] 169 166.285714286
[ 1.69900007 -3.64225783  3.54982514 -2.00506042  1.02577924 -1.17719491
 -3.37890366 -5.16167675 -4.32670702  2.88411799  0.95023788 -1.15345429] 156 165.6
[ 1.67379805 -3.64361153  3.55666797 -1.94385873  1.06743478 -1.21445339
 -3.56152101 -5.05937448 -4.07322228  2.68378405  0.86875416 -1.09891387] 165 165.5625
[ 1.63216096 -3.62580582  3.61476735 -1.90478849  1.10079704 -1.19883
 -3.74516635 -4.98742626 -3.87168159  2.51898017  0.76423221 -1.04596911] 175 166.117647059
[ 1.58145165 -3.60801178  3.64716142 -1.8842552   1.14404556 -1.21138105
 -3.9045911  -4.90174326 -3.66466187  2.3563394   0.68940546 -0.9979942 ] 167 166.166666667
[ 1.54088209 -3.62396927  3.63595536 -1.82407273  1.18383172 -1.24337145
 -4.03078608 -4.82010468 -3.45319382  2.22647818  0.61870996 -0.97007527] 177 166.736842105
[ 1.5131885  -3.65813257  3.61455589 -1.76173976  1.20638235 -1.25726166
 -4.12563317 -4.74617529 -3.28767368  2.14893998  0.55402348 -0.96503713] 155 166.15
