[-0.94943829 -0.50004867 -1.99590893 -0.30640149 -1.41830152 -2.58457724
 -1.64770677 -0.40142483 -0.66774997 -2.14747663 -0.38133031 -1.08798693]
[-2.67364155  2.70627792 -1.84683226  0.93025781 -0.13065587 -7.23161754
  0.46345169 -0.9233784  -0.04461402 -1.19959822  1.27716793 -2.83614102] 148 148.0
[-2.35011139  1.70927766 -1.72911438  1.36788049  0.03680539 -6.93699462
 -0.14131845 -0.75304864  0.15628021 -1.40854702 -0.42981784 -0.83997742] 167 157.5
[-2.2594397   0.76500052 -1.38657266  1.10094606  0.1973533  -5.80797442
 -0.64061983 -0.55585344  0.33296694 -1.53207758 -1.22607899 -0.21650776] 171 162.0
[-1.99587159  0.35862863 -1.10914227  0.59828326  0.15023202 -4.65683225
 -0.93451942 -0.40731442  0.40889716 -1.83985791 -1.76003205  0.02176479] 176 165.5
[-1.79003713  0.17255206 -0.88366933  0.14888919  0.04213876 -3.66446264
 -1.26879177 -0.22537064  0.43633414 -2.12616881 -2.14006342  0.16221187] 162 164.8
[-1.55246956  0.17748974 -0.64490495 -0.28236037 -0.14253652 -3.10374091
 -1.47468763 -0.07611541  0.42671891 -2.47928045 -2.33402975  0.37004282] 168 165.333333333
[-1.41125553  0.1392176  -0.4456464  -0.64963584 -0.28221133 -2.56634413
 -1.70001578  0.05562754  0.44682431 -2.77356301 -2.51239898  0.5966981 ] 166 165.428571429
[-1.36317844  0.02031947 -0.43914445 -0.81997921 -0.33036252 -2.12844272
 -1.84080476  0.2105276   0.46994216 -2.93977185 -2.70710414  0.76979499] 168 165.75
[-1.27185372 -0.08554956 -0.43767996 -0.9534787  -0.42859545 -1.79914888
 -1.98451655  0.36912448  0.44562824 -3.09402927 -2.78866292  0.93730816] 183 167.666666667
[-1.31322365 -0.2536998  -0.46467596 -1.00648539 -0.5033794  -1.48815683
 -2.08562657  0.56917902  0.47156061 -3.13856047 -2.88420224  1.00332285] 133 164.2
[-1.35926012 -0.33123343 -0.47669528 -1.10376311 -0.54554941 -1.27579956
 -2.14588085  0.71791385  0.50685045 -3.23800026 -2.95251833  1.10786661] 172 164.909090909
[-1.418325   -0.43902251 -0.55778035 -1.14793295 -0.65956447 -1.10438332
 -2.10946435  0.90691432  0.52375407 -3.24620738 -2.93361636  1.08659113] 164 164.833333333
[-1.48614971 -0.55102519 -0.62284038 -1.17509815 -0.73454335 -0.92692578
 -2.08885626  1.06396143  0.55815925 -3.26458969 -2.94495591  1.06915474] 137 162.692307692
[-1.54343073 -0.64114881 -0.69128956 -1.1909977  -0.8224832  -0.78532084
 -2.0613058   1.21734642  0.57941262 -3.26576037 -2.95650446  1.05337601] 167 163.0
[-1.60326167 -0.68675045 -0.71592541 -1.23313608 -0.88580925 -0.70151035
 -2.05212849  1.33475586  0.61249093 -3.28955171 -2.97250959  1.08123367] 166 163.2
[-1.66719245 -0.73498641 -0.76302242 -1.25126678 -0.94449002 -0.59923459
 -2.03792369  1.43238858  0.62702631 -3.27711122 -2.98208878  1.08191952] 170 163.625
[-1.716498   -0.76613733 -0.79221228 -1.25794021 -0.98231331 -0.55452092
 -2.04036038  1.52099297  0.62642875 -3.27233473 -2.9921375   1.1074177 ] 163 163.588235294
[-1.77559505 -0.7894458  -0.85577979 -1.2390438  -1.03299232 -0.51719589
 -1.99972398  1.62126139  0.62468122 -3.26220148 -2.98755603  1.08993696] 163 163.555555556
[-1.810142   -0.81034972 -0.95716466 -1.19674949 -1.0993623  -0.46114299
 -1.94085914  1.73133453  0.62773564 -3.27651381 -2.9937766   1.05890527] 169 163.842105263
[-1.83104611 -0.82655785 -1.06019684 -1.14687996 -1.14403964 -0.42610685
 -1.88195989  1.80752995  0.63009892 -3.31136364 -2.97208489  1.03093793] 176 164.45
