[ 0.6905257  -1.46593737 -0.96717984 -0.59248372 -1.78892303 -0.99793443
 -1.00089039 -2.75472431  0.01765801 -0.39950148 -1.62542897 -1.17154826]
[-0.7687065  -1.52081521 -1.84841541  0.2745254  -2.85474282 -1.84746193
 -1.10024973  0.0768627  -0.64668816 -1.7744357   0.94672594  0.07679323] 171 171.0
[-0.98015576  0.27428539 -1.88305728 -0.67530373 -2.11832295 -2.43956528
 -0.3316338   0.46556856 -1.63461152 -2.25706748  0.08858584  0.39726805] 149 160.0
[-1.02333259  0.59666709 -1.96137845 -0.97338042 -2.40547163 -2.86290678
  0.02758604  1.07326439 -1.78371516 -2.1417876  -0.35180163  0.66869978] 161 160.333333333
[-1.00705257  0.4520234  -2.13379442 -1.46975994 -2.83267215 -2.47208562
  0.25239032  1.58539668 -1.66641772 -1.82550661 -0.70499453  0.67186023] 179 165.0
[-1.04313109  0.13853951 -2.39632955 -1.83075003 -3.04320659 -1.67327084
  0.43306407  1.98461683 -1.60598488 -1.60405187 -0.91417323  0.38506639] 155 163.0
[-1.12601962 -0.08019727 -2.54738477 -2.03391809 -3.13933362 -1.1553682
  0.58347272  2.23614846 -1.55789354 -1.38713514 -1.19078584  0.20560507] 140 159.166666667
[-1.22608333 -0.14928394 -2.62360699 -2.09225003 -3.28193901 -0.97705325
  0.69041238  2.55159622 -1.56129207 -1.30274892 -1.32268988  0.0869174 ] 161 159.428571429
[-1.35119326 -0.23921024 -2.7096178  -2.12091573 -3.36945373 -0.74308986
  0.77846434  2.80669741 -1.54542747 -1.21277541 -1.44350591 -0.07406787] 142 157.25
[-1.42577157 -0.2257848  -2.75202143 -2.16961487 -3.45959825 -0.6517155
  0.8586653   3.04074521 -1.54200103 -1.24716008 -1.49954491 -0.16457282] 150 156.444444444
[-1.46334956 -0.31643268 -2.76376225 -2.10822737 -3.49879979 -0.60708601
  0.84939138  3.1627876  -1.46723732 -1.30474035 -1.51105815 -0.21897639] 151 155.9
[-1.51615475 -0.40256921 -2.78466216 -1.97937128 -3.47542407 -0.56114046
  0.80237234  3.20188606 -1.39438335 -1.3153996  -1.56740553 -0.26090203] 168 157.0
[-1.57150188 -0.48779876 -2.79138856 -1.87634789 -3.4535295  -0.49716442
  0.74566461  3.2157731  -1.29726645 -1.33781437 -1.61389364 -0.29338326] 150 156.416666667
[-1.60075933 -0.47921021 -2.79204721 -1.81139911 -3.4259093  -0.4625059
  0.70209763  3.20718087 -1.25502865 -1.39859441 -1.64195812 -0.30229465] 191 159.076923077
[-1.61402912 -0.48867381 -2.80487744 -1.75932033 -3.42055475 -0.4361148
  0.67406711  3.22843609 -1.23061585 -1.42048886 -1.67026553 -0.32116535] 147 158.214285714
[-1.62602903 -0.50468186 -2.80340845 -1.73016478 -3.41837072 -0.38096183
  0.63777557  3.22604349 -1.20112112 -1.43863732 -1.69285487 -0.33404662] 154 157.933333333
[-1.65417997 -0.51855625 -2.80455956 -1.70758595 -3.42343047 -0.30550584
  0.61743238  3.21267807 -1.19404225 -1.40538095 -1.73059642 -0.35452708] 169 158.625
[-1.67867507 -0.52124599 -2.80297637 -1.68958514 -3.42484203 -0.24730077
  0.59699228  3.19826806 -1.18420015 -1.37271685 -1.7862062  -0.35827797] 157 158.529411765
[-1.68593548 -0.54639505 -2.80437467 -1.65796185 -3.45291013 -0.18214613
  0.54799308  3.21404396 -1.158887   -1.3538502  -1.81523955 -0.37621977] 179 159.666666667
[-1.68506363 -0.57353715 -2.79815021 -1.64039811 -3.46897008 -0.09692906
  0.48662674  3.19291383 -1.11332857 -1.35190312 -1.84821448 -0.37542386] 175 160.473684211
[-1.68222594 -0.59263083 -2.78057507 -1.63152484 -3.48355928 -0.01816926
  0.42522565  3.15446743 -1.07234115 -1.34603055 -1.88398653 -0.36049177] 184 161.65
