[-1.31178367 -0.27099608 -0.78217921 -1.8990918  -3.48678065 -0.08674848
  0.12706373 -2.51409323  0.63929108 -1.4298936   1.63128056 -0.39817775]
[-0.47148628 -0.33462596  0.71713678 -1.88462781 -3.23163461 -0.32966317
  1.15394046 -2.27765208 -0.5863168  -3.31792917  0.41015019 -0.88647621] 152 152.0
[-1.50052766  0.87270876  1.02648787 -1.47239197 -2.72363377 -0.14279801
  0.17751972 -2.42708224 -0.33048751 -3.5454853  -0.45554371 -0.57370055] 148 150.0
[-2.30800893  1.67821147  1.4690396  -0.83858004 -2.35221935 -0.1581948
 -0.72167904 -2.33917402 -0.20214029 -3.71816899 -1.29846466 -0.30605026] 164 154.666666667
[-2.27188122  2.11310127  1.5205993  -0.89332692 -2.21093383 -0.3512021
 -0.97939884 -2.14848939 -0.61087552 -3.61184672 -1.43008844 -0.22435803] 162 156.5
[-2.35194955  2.40190831  1.53169725 -0.74678515 -2.10987263 -0.53065451
 -1.10290658 -2.13833247 -0.81636993 -3.43448702 -1.52226129 -0.27575222] 176 160.4
[-2.32819362  2.46675946  1.46308521 -0.55269057 -2.03298948 -0.63647577
 -1.00781251 -2.18791923 -0.98577377 -3.23549821 -1.52950523 -0.5365499 ] 144 157.666666667
[-2.30799646  2.47210135  1.34537391 -0.32884991 -1.9679917  -0.78445953
 -0.84154232 -2.19232774 -1.24103663 -2.98012435 -1.49294871 -0.7853153 ] 165 158.714285714
[-2.28702492  2.53070824  1.22868371 -0.17212412 -1.88310183 -0.85861729
 -0.69872779 -2.16039845 -1.48438169 -2.86432073 -1.47957702 -0.98338828] 145 157.0
[-2.35295349  2.61552076  1.15251115 -0.00977955 -1.74386214 -0.92108696
 -0.55422015 -2.21176012 -1.61829242 -2.79265669 -1.5159698  -1.16357242] 164 157.777777778
[-2.47371716  2.72286265  1.11279338  0.08317199 -1.61633642 -0.94201083
 -0.45685109 -2.27872469 -1.63699399 -2.80985323 -1.56104758 -1.2681693 ] 147 156.7
[-2.58652884  2.85387568  1.06644789  0.05395727 -1.5412677  -0.94688869
 -0.35195603 -2.2642977  -1.67159229 -2.86849181 -1.56655528 -1.30827321] 171 158.0
[-2.6138549   2.88511114  1.00801365  0.0344456  -1.50681742 -0.97719439
 -0.30229221 -2.24071352 -1.65426314 -2.90994033 -1.53358279 -1.32658217] 164 158.5
[-2.65293776  2.91897518  0.93014342  0.07111857 -1.48260487 -0.97257685
 -0.24617713 -2.19797329 -1.63619872 -2.96893401 -1.51779932 -1.38735022] 163 158.846153846
[-2.64960168  2.89045618  0.84901416  0.11654801 -1.47620149 -1.0128756
 -0.22186095 -2.13760935 -1.61883659 -3.00829713 -1.4628394  -1.41423755] 162 159.071428571
[-2.65123027  2.8474445   0.78629781  0.18882232 -1.45559331 -1.10021221
 -0.22947587 -2.07852121 -1.56750617 -3.06967573 -1.40710418 -1.41411009] 153 158.666666667
[-2.69256057  2.83414602  0.73119366  0.23022583 -1.42648463 -1.15197539
 -0.25229926 -1.99848022 -1.51750039 -3.1652327  -1.36935293 -1.37724659] 164 159.0
[-2.71543098  2.83135549  0.68054446  0.24152225 -1.41283032 -1.19672664
 -0.27014425 -1.90870403 -1.46924198 -3.24483734 -1.35691225 -1.33880604] 164 159.294117647
[-2.7468566   2.83743107  0.63450033  0.24411663 -1.40054326 -1.23998276
 -0.28775535 -1.82204252 -1.44324617 -3.29993672 -1.34701818 -1.29248765] 180 160.444444444
[-2.78356855  2.86263031  0.58755842  0.23519935 -1.39670853 -1.25630558
 -0.29017237 -1.7400193  -1.422443   -3.35101206 -1.356243   -1.25664035] 162 160.526315789
[-2.83548523  2.90053039  0.54815739  0.21575235 -1.39956434 -1.24847573
 -0.28537308 -1.66252178 -1.40130875 -3.39719561 -1.37586299 -1.23097163] 149 159.95
