[-0.55877251 -1.33087015  1.43077119 -1.25209213 -0.89039016  0.58248112
 -1.9092324  -1.59163666 -0.81239677 -1.32986996 -2.19276461 -1.20487651]
[-2.30930311 -2.88651078  1.17649609 -2.29755152  1.04888072  2.23930661
 -0.34749441 -1.15750203 -1.41840148 -1.94113388 -0.65486913 -2.56390771] 152 152.0
[-1.21801719 -2.07588023  2.16985968 -1.39460103  1.40890241 -0.24296409
 -2.21670154 -2.02160987 -1.21155194 -1.87809682 -0.98839059 -1.20561956] 182 167.0
[-0.73888531 -2.0725686   2.75176252 -1.25621466  1.88375825 -1.76536619
 -3.21437056 -2.41653915 -0.88096436 -1.76513136 -0.91487321 -0.38908515] 183 172.333333333
[-0.5441723  -2.29737806  2.95158776 -1.53934132  1.89438298 -2.41162516
 -3.51155462 -2.38969729 -0.68461688 -1.50555353 -0.6756988  -0.05288541] 159 169.0
[ -4.43883615e-01  -2.47627407e+00   2.98906711e+00  -1.66930969e+00
   1.91118665e+00  -2.61202909e+00  -3.67010669e+00  -2.29855144e+00
  -5.48700165e-01  -1.39621303e+00  -5.61744441e-01   6.62096937e-04] 156 166.4
[-0.4503289  -2.59552051  3.01640877 -1.71920259  1.94110925 -2.77202701
 -3.83375064 -2.20087397 -0.44367177 -1.23451278 -0.62119529  0.12997137] 169 166.833333333
[-0.44652052 -2.77015092  2.9791995  -1.80030064  2.04568503 -2.81717657
 -4.00592762 -2.15976754 -0.27631178 -1.09808567 -0.62524994  0.17741128] 160 165.857142857
[-0.4706259  -2.92418503  2.90898066 -1.80897483  2.10242159 -2.81010115
 -4.00778906 -2.1235078  -0.16954791 -1.04013017 -0.5863572   0.12430119] 160 165.125
[-0.51633826 -3.03526261  2.84461429 -1.85529082  2.26252712 -2.84660932
 -4.02799035 -2.10184793 -0.07497817 -1.00522517 -0.54266716  0.08230941] 149 163.333333333
[-0.55268048 -3.11600784  2.8460689  -1.82627127  2.402175   -2.9660485
 -4.10348279 -2.12013959  0.01065948 -0.98010814 -0.50992471  0.0955009 ] 182 165.2
[-0.54622356 -3.20702583  2.80036034 -1.82292075  2.48414922 -2.98513121
 -4.17974587 -2.14493376  0.10155371 -0.93712351 -0.46849044  0.08132826] 178 166.363636364
[-0.5056957  -3.27489111  2.73452417 -1.82038753  2.53510013 -2.99565907
 -4.23457487 -2.13960296  0.17958254 -0.92473568 -0.44286475  0.05955691] 160 165.833333333
[-0.49006896 -3.36402907  2.67677243 -1.83023439  2.57778757 -2.97898317
 -4.27201693 -2.14638015  0.22203063 -0.83888143 -0.40172424  0.01110649] 159 165.307692308
[-0.47263815 -3.45539306  2.60296022 -1.81727112  2.61048278 -2.96160726
 -4.27734139 -2.16158725  0.24856778 -0.74386247 -0.37727906 -0.03431839] 162 165.071428571
[-0.45310785 -3.54646899  2.5062759  -1.81650384  2.6327186  -2.92698714
 -4.26052283 -2.1623587   0.2756563  -0.66000067 -0.35531687 -0.07833218] 158 164.6
[-0.43520145 -3.62690025  2.39877706 -1.81947639  2.63682238 -2.89621234
 -4.22454007 -2.15118674  0.31076503 -0.57390287 -0.35658963 -0.11354315] 166 164.6875
[-0.41583185 -3.70613119  2.3173315  -1.80662598  2.61060722 -2.89301886
 -4.18492686 -2.12513771  0.33707235 -0.49894212 -0.34060085 -0.14915805] 165 164.705882353
[-0.39035591 -3.76026116  2.24127592 -1.79585865  2.5804936  -2.90451907
 -4.12485909 -2.10307111  0.32170637 -0.41138064 -0.32880519 -0.18284302] 170 165.0
[-0.35362154 -3.82928555  2.15966537 -1.79410139  2.54878686 -2.90426207
 -4.08218151 -2.08132246  0.32752974 -0.34230406 -0.30160461 -0.2087231 ] 176 165.578947368
[-0.31034689 -3.90770878  2.084304   -1.80256237  2.52015953 -2.91172006
 -4.0556896  -2.06196927  0.35107066 -0.27436216 -0.26138734 -0.23402126] 174 166.0
