[ 0.62434536 -1.61175641 -1.52817175 -2.07296862 -0.13459237 -3.3015387
  0.74481176 -1.7612069  -0.6809609  -1.24937038  0.46210794 -3.06014071]
[ 0.67588227 -1.70414857 -1.00119227  0.26063384  0.85721388 -6.57883359
  1.7621706  -1.79966169 -0.06877217 -2.23583604  1.52123153 -2.6628059 ] 168 168.0
[ 0.70293251 -1.47677682 -0.33553189 -0.25550965  0.55146065 -6.23457616
  0.57539282 -1.53831052  0.33707666 -2.0152016   0.72500088 -2.05279387] 149 158.5
[ 0.52132329 -1.28005613  0.25370533 -0.67043455  0.55250166 -6.22830541
 -0.26988979 -1.1868653   0.57875073 -1.96915476 -0.00912162 -1.32451284] 153 156.666666667
[ 0.38685361 -1.1072719   0.61509813 -1.01261246  0.86422272 -6.33305003
 -0.81876228 -1.06656405  0.65769775 -1.85321265 -0.64085379 -0.73589772] 154 156.0
[ 0.31245326 -1.23367192  0.52355598 -1.05055704  1.22574772 -5.92297714
 -0.93643797 -1.23967892  0.60892362 -1.58957246 -1.10707974 -0.6644197 ] 134 151.6
[ 0.20323631 -1.38089959  0.45717824 -1.0559949   1.40813513 -5.45455552
 -1.05222585 -1.34485125  0.61954523 -1.4022704  -1.43206954 -0.6556822 ] 154 152.0
[ 0.18772887 -1.51040821  0.33115629 -1.05055467  1.55448604 -4.97238302
 -1.0388224  -1.53505109  0.49769976 -1.18734605 -1.59820857 -0.77633109] 155 152.428571429
[ 0.17960539 -1.5726637   0.22380954 -1.06103031  1.68289661 -4.55351645
 -1.04015904 -1.75053748  0.36822947 -1.00040531 -1.69569632 -0.87898458] 172 154.875
[ 0.09711872 -1.59310053  0.23304778 -1.02537532  1.71896221 -4.26236585
 -1.0818765  -1.85338298  0.29754202 -0.89844756 -1.80558249 -0.91963223] 167 156.222222222
[ 0.0386444  -1.64171837  0.25051294 -0.95740458  1.73207216 -3.98244119
 -1.11106214 -1.98454348  0.23188186 -0.82638236 -1.86412439 -0.96846193] 172 157.8
[ 0.01716607 -1.70880493  0.3178731  -0.89744579  1.68189783 -3.75853635
 -1.16074759 -2.07274132  0.1768895  -0.82421561 -1.85376903 -0.98913224] 158 157.818181818
[ 0.00513039 -1.76457835  0.40732431 -0.84567082  1.61290085 -3.55597217
 -1.25814607 -2.1547868   0.15931683 -0.86496518 -1.82543656 -0.97321155] 187 160.25
[ 0.01146922 -1.79095011  0.51657483 -0.84289682  1.56760431 -3.39222789
 -1.36556158 -2.24488607  0.12181982 -0.90272478 -1.79508489 -0.92935639] 166 160.692307692
[ 0.00974485 -1.8042636   0.62669075 -0.82331982  1.54684851 -3.23375949
 -1.46909064 -2.32346078  0.06096409 -0.93361207 -1.78264035 -0.91015495] 149 159.857142857
[ 0.0134322  -1.79463749  0.73286418 -0.80584685  1.50374188 -3.08495005
 -1.56341587 -2.36974576  0.00327855 -0.98816886 -1.77909182 -0.8929208 ] 177 161.0
[ 0.01136139 -1.76522154  0.84717212 -0.82535291  1.4516347  -2.93188253
 -1.6673436  -2.40889414 -0.03994883 -1.04671738 -1.77718521 -0.86298447] 183 162.375
[-0.02282229 -1.72100368  0.96960511 -0.81171374  1.39193769 -2.79235427
 -1.78983412 -2.40530836 -0.05277952 -1.14447366 -1.79582985 -0.8315288 ] 168 162.705882353
[-0.0544084  -1.67672946  1.07458572 -0.79530809  1.35195215 -2.66727621
 -1.88851287 -2.40837916 -0.07080489 -1.24747473 -1.80611374 -0.81046792] 143 161.611111111
[-0.08131102 -1.63190926  1.17623782 -0.77916276  1.33479151 -2.59470809
 -1.97974909 -2.41936126 -0.07964445 -1.35925702 -1.80806525 -0.77129316] 152 161.105263158
[-0.09580956 -1.58948622  1.27075905 -0.75830616  1.32934751 -2.51360802
 -2.06732996 -2.44546586 -0.10427441 -1.46812722 -1.80782698 -0.73823819] 151 160.6
